{"default_fov": 75.0, "default_transition_sec": 2.0, "keyframes": [{"matrix": [0.7191217207474524, 0.3758694101101856, 0.5844537084257779, 0.6132733345031727, 0.6521661094223721, -0.07471657987020419, -0.7543850465202676, -0.9997920989990225, -0.23988188024548626, 0.9236555739213187, -0.29885960632706743, -0.09816284179687455, 0.0, 0.0, 0.0, 1.0], "fov": 75.0, "aspect": 1.0, "override_transition_enabled": false, "override_transition_sec": null}, {"matrix": [0.8820410186818498, -0.023313838652575497, 0.4705954805243739, 0.6393222332000719, 0.40903261774078736, -0.4578650235897487, -0.7893363907721966, -0.8585488319396969, 0.23387167204859088, 0.8887159754952314, -0.3943196113722418, -0.08347855806350721, 0.0, 0.0, 0.0, 1.0], "fov": 75.0, "aspect": 1.0, "override_transition_enabled": false, "override_transition_sec": null}], "camera_type": "perspective", "render_height": 480.0, "render_width": 480.0, "fps": 30.0, "seconds": 2.0, "is_cycle": false, "smoothness_value": 0.0, "camera_path": [{"camera_to_world": [0.7191217207474524, 0.3758694101101856, 0.5844537084257779, 0.6132733345031727, 0.6521661094223721, -0.07471657987020419, -0.7543850465202676, -0.9997920989990225, -0.23988188024548626, 0.9236555739213187, -0.29885960632706743, -0.09816284179687455, 0.0, 0.0, 0.0, 1.0], "fov": 75.0, "aspect": 1.0}, {"camera_to_world": [0.7236821972331063, 0.370224976503549, 0.5824238526887529, 0.6137074828147877, 0.6499891469309096, -0.08200685683931785, -0.7555057804566189, -0.9974380445480338, -0.2319443603105968, 0.9253152663845351, -0.29998911899571623, -0.09791810373465176, 0.0, 0.0, 0.0, 1.0], "fov": 75.0, "aspect": 1.0}, {"camera_to_world": [0.728186567310472, 0.3645353207314511, 0.580394971659653, 0.6141416311264026, 0.6477429803887226, -0.08927867108732876, -0.7566097740883444, -0.9950839900970451, -0.22399409489030375, 0.9268998429323951, -0.3011367241406716, -0.09767336567242899, 0.0, 0.0, 0.0, 1.0], "fov": 75.0, "aspect": 1.0}, {"camera_to_world": [0.7326344189291432, 0.35880096327176825, 0.5783672509362956, 0.6145757794380177, 0.645427815270455, -0.0965313574037955, -0.7576969264244034, -0.9927299356460562, -0.2160318112583518, 0.9284091586111328, -0.3023023167814033, -0.09742862761020618, 0.0, 0.0, 0.0, 1.0], "fov": 75.0, "aspect": 1.0}, {"camera_to_world": [0.7370253452089055, 0.3530224286915932, 0.5763408760103543, 0.6150099277496326, 0.6430438633625961, -0.10376425232805936, -0.7587671380143616, -0.9903758811950676, -0.20805823778788596, 0.9298430753516894, -0.3034857902919206, -0.0971838895479834, 0.0, 0.0, 0.0, 1.0], "fov": 75.0, "aspect": 1.0}, {"camera_to_world": [0.7413589444769556, 0.3472002455992502, 0.5743160322503931, 0.6154440760612476, 0.6405913427441082, -0.11097669420993762, -0.7598203109574886, -0.9880218267440787, -0.20007410388482225, 0.9312014619823439, -0.30468703641052913, -0.09693915148576061, 0.0, 0.0, 0.0, 1.0], "fov": 75.0, "aspect": 1.0}, {"camera_to_world": [0.7456348203046469, 0.341334946595938, 0.5722929048849068, 0.6158782243728627, 0.6380704777664756, -0.11816802327024661, -0.7608563489117139, -0.98566777229309, -0.1920801399211235, 0.9324841942407123, -0.30590594524973025, -0.09669441342353782, 0.0, 0.0, 0.0, 1.0], "fov": 75.0, "aspect": 1.0}, {"camera_to_world": [0.7498525815437523, 0.33542706822700996, 0.5702716789853788, 0.6163123726844776, 0.6354814990331834, -0.12533758166116457, -0.7618751571024408, -0.9833137178421012, -0.18407707716798502, 0.933691154785116, -0.30714240530628134, -0.09644967536131503, 0.0, 0.0, 0.0, 1.0], "fov": 75.0, "aspect": 1.0}, {"camera_to_world": [0.7540118423622465, 0.3294771509328912, 0.5682525394493504, 0.6167465209960926, 0.632824643378621, -0.1324847135264008, -0.7628766423312149, -0.9809596633911125, -0.17606564772894184, 0.9348222332053148, -0.3083963034713868, -0.09620493729909224, 0.0, 0.0, 0.0, 1.0], "fov": 75.0, "aspect": 1.0}, {"camera_to_world": [0.7581122222796008, 0.3234857389996394, 0.5662356709835068, 0.6171806693077075, 0.6301001538464176, -0.13960876506119851, -0.7638607129842508, -0.9786056089401237, -0.16804658447289533, 0.935877326032608, -0.3096675250410508, -0.09596019923686945, 0.0, 0.0, 0.0, 1.0], "fov": 75.0, "aspect": 1.0}, {"camera_to_world": [0.7621533462015895, 0.3174533805091568, 0.5642212580867799, 0.6176148176193226, 0.6273082796672087, -0.1467090845721421, -0.7648272790408116, -0.976251554489135, -0.16002062096707206, 0.9368563367492974, -0.31095595372656903, -0.09571546117464666, 0.0, 0.0, 0.0, 1.0], "fov": 75.0, "aspect": 1.0}, {"camera_to_world": [0.7661348444546014, 0.3113806272890502, 0.5622094850334716, 0.6180489659309376, 0.6244492762358367, -0.15378502253676957, -0.7657762520814454, -0.9738975000381462, -0.15198849140992027, 0.9377591757975196, -0.31226147166516355, -0.09547072311242387, 0.0, 0.0, 0.0, 1.0], "fov": 75.0, "aspect": 1.0}, {"camera_to_world": [0.7700563528194581, 0.3052680348621534, 0.5602005358563962, 0.6184831142425525, 0.6215234050879892, -0.16083593166299567, -0.7667075452960714, -0.9715434455871573, -0.14395093056394437, 0.9385857605874357, -0.31358395943077066, -0.09522598505020109, 0.0, 0.0, 0.0, 1.0], "fov": 75.0, "aspect": 1.0}, {"camera_to_world": [0.7739175125647306, 0.2991161623957074, 0.5581945943300461, 0.6189172625541676, 0.6185309338762732, -0.16786116694831799, -0.7676210734919243, -0.9691893911361686, -0.13590867368849324, 0.9393360155047893, -0.31492329604495917, -0.0949812469879783, 0.0, 0.0, 0.0, 1.0], "fov": 75.0, "aspect": 1.0}, {"camera_to_world": [0.7777179704795572, 0.29292557265020935, 0.5561918439537796, 0.6193514108657825, 0.6154721363457304, -0.1748600857388259, -0.7685167531013449, -0.9668353366851798, -0.12786245647249755, 0.9400098719178208, -0.31627935898800186, -0.0947365089257555, 0.0, 0.0, 0.0, 1.0], "fov": 75.0, "aspect": 1.0}, {"camera_to_world": [0.7814573789059523, 0.2866968319279329, 0.5541924679350356, 0.6197855591773975, 0.6123472923087967, -0.18183204778798576, -0.769394502189425, -0.9644812822341912, -0.11981301496717217, 0.9406072681835468, -0.3176520242100812, -0.09449177086353272, 0.0, 0.0, 0.0, 1.0], "fov": 75.0, "aspect": 1.0}, {"camera_to_world": [0.7851353957706113, 0.2804305100211236, 0.5521966491725733, 0.6202197074890126, 0.6091566876197051, -0.1887764153152105, -0.770254240461504, -0.9621272277832024, -0.1117610855186835, 0.9411281496533996, -0.3190411661426373, -0.09424703280130993, 0.0, 0.0, 0.0, 1.0], "fov": 75.0, "aspect": 1.0}, {"camera_to_world": [0.7887516846162014, 0.2741271801598756, 0.5502045702397422, 0.6206538558006275, 0.6059006141483361, -0.1956925530642027, -0.7710958892705129, -0.9597731733322137, -0.10370740470078971, 0.9415724686782261, -0.3204466577098555, -0.09400229473908714, 0.0, 0.0, 0.0, 1.0], "fov": 75.0, "aspect": 1.0}, {"camera_to_world": [0.7923059146321411, 0.26778741895969405, 0.548216413367779, 0.6210880041122425, 0.6025793697535182, -0.20257982836106908, -0.7719193716241695, -0.9574191188812249, -0.0956527092474597, 0.9419401846126458, -0.3218683703402928, -0.09375755667686435, 0.0, 0.0, 0.0, 1.0], "fov": 75.0, "aspect": 1.0}, {"camera_to_world": [0.7957977606848611, 0.2614118063687465, 0.5462323604291397, 0.6215221524238574, 0.5991932582557806, -0.20943761117218831, -0.7727246121920206, -0.9550650644302362, -0.0875977359854804, 0.9422312638187698, -0.3233061739786326, -0.09351281861464156, 0.0, 0.0, 0.0, 1.0], "fov": 75.0, "aspect": 1.0}, {"camera_to_world": [0.7992269033475473, 0.255000925614812, 0.5442525929208601, 0.6219563007354725, 0.5957425894095604, -0.21626527416185426, -0.773511537312334, -0.9527110099792473, -0.07954322176705153, 0.9424456796692782, -0.3247599370975899, -0.09326808055241878, 0.0, 0.0, 0.0, 1.0], "fov": 75.0, "aspect": 1.0}, {"camera_to_world": [0.8025930289293621, 0.24855536315192664, 0.5422772919479536, 0.6223904490470875, 0.5922276788748653, -0.22306219274965727, -0.7742800749988368, -0.9503569555282587, -0.07148990340238037, 0.9425834125498542, -0.3262295267099373, -0.09302334249019598, 0.0, 0.0, 0.0, 1.0], "fov": 75.0, "aspect": 1.0}, {"camera_to_world": [0.8058958295041383, 0.2420757086067383, 0.5403066382068448, 0.6228245973587024, 0.5886488481884006, -0.22982774516762272, -0.7750301549472995, -0.9480029010772698, -0.06343851759227992, 0.942644449860981, -0.3277148083806744, -0.09277860442797319, 0.0, 0.0, 0.0, 1.0], "fov": 75.0, "aspect": 1.0}, {"camera_to_world": [0.8091350029385493, 0.2355625547245668, 0.5383408119688393, 0.6232587456703175, 0.5850064247341538, -0.23656131251708812, -0.7757617085419697, -0.945648846626281, -0.055389800860777744, 0.9426287860190927, -0.32921564623932353, -0.09253386636575041, 0.0, 0.0, 0.0, 1.0], "fov": 75.0, "aspect": 1.0}, {"camera_to_world": [0.8123102529197469, 0.2290164973151827, 0.5363799930636319, 0.6236928939819324, 0.5813007417134459, -0.24326227882531837, -0.7764746688618447, -0.9432947921752923, -0.04734448948773862, 0.942536422457084, -0.3307319029923595, -0.09228912830352762, 0.0, 0.0, 0.0, 1.0], "fov": 75.0, "aspect": 1.0}, {"camera_to_world": [0.8154212889824672, 0.2224381351983012, 0.5344243608628575, 0.6241270422935474, 0.5775321381144514, -0.24993003110185175, -0.7771689706867979, -0.9409407377243035, -0.039303319441513246, 0.9423673676241815, -0.3322634399357664, -0.09204439024130481, 0.0, 0.0, 0.0, 1.0], "fov": 75.0, "aspect": 1.0}, {"camera_to_world": [0.8184678265356018, 0.21582807014880662, 0.5324740942636832, 0.6245611906051625, 0.5737009586811905, -0.25656395939458065, -0.7778445505035433, -0.9385866832733148, -0.03126702631161199, 0.9421216369851709, -0.33381011696773244, -0.09179965217908204, 0.0, 0.0, 0.0, 1.0], "fov": 75.0, "aspect": 1.0}, {"camera_to_world": [0.8214495868882326, 0.20918690684170002, 0.53052937167244, 0.6249953389167774, 0.5698075538819873, -0.26316345684554276, -0.7785013465114433, -0.9362326288223259, -0.023236345241414214, 0.9417992530189786, -0.33537179260145855, -0.09155491411685925, 0.0, 0.0, 0.0, 1.0], "fov": 75.0, "aspect": 1.0}, {"camera_to_world": [0.8243662972751242, 0.20251525279678784, 0.5285903709883057, 0.6254294872283923, 0.5658522798774154, -0.2697279197464387, -0.779139298628166, -0.9338785743713374, -0.015212010860921166, 0.9414002452166201, -0.33694832397810714, -0.09131017605463645, 0.0, 0.0, 0.0, 1.0], "fov": 75.0, "aspect": 1.0}, {"camera_to_world": [0.8272176908816774, 0.19581371832310485, 0.52665726958703, 0.6258636355400073, 0.5618354984877134, -0.27625674759385527, -0.7797583484951784, -0.9315245199203485, -0.007194757219551262, 0.9409246500784987, -0.33853956687986564, -0.09106543799241366, 0.0, 0.0, 0.0, 1.0], "fov": 75.0, "aspect": 1.0}, {"camera_to_world": [0.8300035068683357, 0.18908291646308567, 0.5247302443047077, 0.6262977838516223, 0.5577575771596881, -0.2827493431442016, -0.7803584394830857, -0.9291704654693598, 0.0008146822810083387, 0.9403725111110682, -0.34014537574314413, -0.09082069993019087, 0.0, 0.0, 0.0, 1.0], "fov": 75.0, "aspect": 1.0}, {"camera_to_world": [0.8327234903944473, 0.18232346293648427, 0.5228094714216043, 0.6267319321632373, 0.553618888933101, -0.2892051124683406, -0.7809395166968138, -0.926816411018371, 0.008815574953891347, 0.939743878822854, -0.34176560367188713, -0.0905759618679681, 0.0, 0.0, 0.0, 1.0], "fov": 75.0, "aspect": 1.0}, {"camera_to_world": [0.835377392641577, 0.17553597608404978, 0.520895126646027, 0.6271660804748522, 0.5494198124065416, -0.29562346500592374, -0.7815015269806271, -0.9244623565673823, 0.016807188894078284, 0.9390388107198291, -0.3434001024510148, -0.09033122380574529, 0.0, 0.0, 0.0, 1.0], "fov": 75.0, "aspect": 1.0}, {"camera_to_world": [0.8379649708362666, 0.1687210768109616, 0.5189873850982549, 0.6276002287864673, 0.5451607317027976, -0.30200381361940987, -0.7820444189229936, -0.9221083021163935, 0.024788793045348145, 0.9382573713001576, -0.3450487225599778, -0.0900864857435225, 0.0, 0.0, 0.0, 1.0], "fov": 75.0, "aspect": 1.0}, {"camera_to_world": [0.8404859882722455, 0.1618793885300303, 0.5170864212945164, 0.6280343770980823, 0.5408420364337125, -0.3083455746477795, -0.7825681428612881, -0.9197542476654048, 0.032759657267154824, 0.9373996320482925, -0.34671131318643816, -0.08984174768129972, 0.0, 0.0, 0.0, 1.0], "fov": 75.0, "aspect": 1.0}, {"camera_to_world": [0.8429402143320823, 0.15501153710466894, 0.5151924091310264, 0.6284685254096973, 0.5364641216645466, -0.3146481679599244, -0.7830726508863336, -0.917400193214416, 0.04071905240141885, 0.9364656714284357, -0.3483877222400633, -0.08959700961907693, 0.0, 0.0, 0.0, 1.0], "fov": 75.0, "aspect": 1.0}, {"camera_to_world": [0.845327424508282, 0.1481181507916412, 0.5133055218680777, 0.6289026737213123, 0.532027387877837, -0.3209110170077175, -0.7835578968467861, -0.9150461387634273, 0.048666250339228334, 0.9354555748773631, -0.3500777963664398, -0.08935227155685414, 0.0, 0.0, 0.0, 1.0], "fov": 75.0, "aspect": 1.0}, {"camera_to_world": [0.8476474004238228, 0.1411998601835884, 0.5114259321141924, 0.6293368220329273, 0.5275322409367619, -0.3271335488787544, -0.7840238363533535, -0.9126920843124384, 0.05660052408744656, 0.9343694347966048, -0.35178138096110156, -0.08910753349463135, 0.0, 0.0, 0.0, 1.0], "fov": 75.0, "aspect": 1.0}, {"camera_to_world": [0.8498999298521334, 0.13425729815134582, 0.5095538118103323, 0.6297709703445423, 0.5229790920480143, -0.333315194348763, -0.7844704267828595, -0.9103380298614496, 0.06452114783521387, 0.9332073505439977, -0.35349832018367433, -0.08886279543240856, 0.0, 0.0, 0.0, 1.0], "fov": 75.0, "aspect": 1.0}, {"camera_to_world": [0.8520848067365072, 0.12729109978604744, 0.5076893322141678, 0.6302051186561572, 0.5183683577241829, -0.3394553879336726, -0.78489762728214, -0.9079839754104609, 0.07242739702034484, 0.9319694284245905, -0.355228456972128, -0.08861805737018577, 0.0, 0.0, 0.0, 1.0], "fov": 75.0, "aspect": 1.0}, {"camera_to_world": [0.8542018312089511, 0.12030190234103053, 0.5058326638844153, 0.6306392669677723, 0.5137004597456547, -0.34555356794134684, -0.7853053987717825, -0.9056299209594721, 0.08031854839560867, 0.9306557816809254, -0.3569716330571494, -0.08837331930796298, 0.0, 0.0, 0.0, 1.0], "fov": 75.0, "aspect": 1.0}, {"camera_to_world": [0.8562508096084698, 0.11329034517353909, 0.5039839766652312, 0.6310734152793873, 0.5089758251220267, -0.351609176522961, -0.7856937039496987, -0.9032758665084835, 0.08819388009489149, 0.9292665304826733, -0.35872768897661395, -0.08812858124574019, 0.0, 0.0, 0.0, 1.0], "fov": 75.0, "aspect": 1.0}, {"camera_to_world": [0.8582315544987814, 0.10625706968623913, 0.502143439670677, 0.6315075635910022, 0.504194886053047, -0.35762165972403936, -0.7860625072945393, -0.9009218120574947, 0.09605267169922993, 0.9278018019156442, -0.36049646409018055, -0.08788384318351741, 0.0, 0.0, 0.0, 1.0], "fov": 75.0, "aspect": 1.0}, {"camera_to_world": [0.8601438846854629, 0.09920271926854349, 0.5003112212692493, 0.6319417119026173, 0.4993580798890782, -0.36359046753512436, -0.7864117750689411, -0.898567757606506, 0.10389420430271418, 0.9262617299701615, -0.36227779659398074, -0.08763910512129461, 0.0, 0.0, 0.0, 1.0], "fov": 75.0, "aspect": 1.0}, {"camera_to_world": [0.8619876252325266, 0.09212793923775511, 0.4984874890684756, 0.6323758602142322, 0.49446584909108693, -0.36951505394209133, -0.7867414753226144, -0.8962137031555171, 0.11171776057825175, 0.9246464555288026, -0.364071523535421, -0.08739436705907182, 0.0, 0.0, 0.0, 1.0], "fov": 75.0, "aspect": 1.0}, {"camera_to_world": [0.8637626074784225, 0.08503337678003545, 0.4966724098995846, 0.6328100085258472, 0.48951864119017063, -0.37539487697609975, -0.7870515778952657, -0.8938596487045285, 0.1195226248431881, 0.9229561263535137, -0.3658774808280923, -0.08714962899684904, 0.0, 0.0, 0.0, 1.0], "fov": 75.0, "aspect": 1.0}, {"camera_to_world": [0.8654686690514662, 0.07791968089120216, 0.4948661498022438, 0.6332441568374623, 0.4845169087466188, -0.3812293987631684, -0.7873420544193572, -0.8915055942535396, 0.12730808312477354, 0.9211908970720926, -0.3676955032667783, -0.08690489093462625, 0.0, 0.0, 0.0, 1.0], "fov": 75.0, "aspect": 1.0}, {"camera_to_world": [0.8671056538846942, 0.07078750231735831, 0.493068874009369, 0.6336783051490772, 0.4794611093085108, -0.3870180855733798, -0.7876128783227002, -0.8891515398025509, 0.1350734232254785, 0.9193509291640415, -0.3695254245425674, -0.08666015287240345, 0.0, 0.0, 0.0, 1.0], "fov": 75.0, "aspect": 1.0}, {"camera_to_world": [0.8686734122301382, 0.06363749349536513, 0.4912807469320122, 0.6341124534606922, 0.474351705369864, -0.39276040786970523, -0.7878640248308872, -0.8867974853515621, 0.14281793478814267, 0.9174363909457977, -0.3713670772580677, -0.08641541481018067, 0.0, 0.0, 0.0, 1.0], "fov": 75.0, "aspect": 1.0}, {"camera_to_world": [0.870171800672526, 0.056470308493157595, 0.4895019321443188, 0.6345466017723072, 0.4691891643283229, -0.39845584035644427, -0.7880954709695582, -0.8844434309005734, 0.15054090936095643, 0.9154474575553353, -0.37322029294271886, -0.08617067674795788, 0.0, 0.0, 0.0, 1.0], "fov": 75.0, "aspect": 1.0}, {"camera_to_world": [0.8716006821423996, 0.04928660294991205, 0.4877325923685657, 0.6349807500839222, 0.46397395844240386, -0.4041038620272803, -0.7883071955665022, -0.8820893764495846, 0.15824164046226966, 0.9133843109361441, -0.37508490206820544, -0.08592593868573509, 0.0, 0.0, 0.0, 1.0], "fov": 75.0, "aspect": 1.0}, {"camera_to_world": [0.8729599259286542, 0.04208703401606928, 0.48597288946027517, 0.6354148983955372, 0.45870656478829364, -0.4097039562129377, -0.788499179253593, -0.8797353219985959, 0.16591942364521883, 0.9112471398205851, -0.3769607340639618, -0.0856812006235123, 0.0, 0.0, 0.0, 1.0], "fov": 75.0, "aspect": 1.0}, {"camera_to_world": [0.8742494076904952, 0.034872260293220686, 0.4842229843934096, 0.6358490467071521, 0.4533874652162079, -0.41525561062844996, -0.7886714044685622, -0.8773812675476071, 0.17357355656216822, 0.9090361397126269, -0.3788476173327804, -0.0854364625612895, 0.0, 0.0, 0.0, 1.0], "fov": 75.0, "aspect": 1.0}, {"camera_to_world": [0.8754690094688132, 0.02764294177385987, 0.48248303724564445, 0.6362831950187672, 0.44801714630631195, -0.42075831742001796, -0.7888238554566063, -0.8750272130966185, 0.18120333902895838, 0.906751512869961, -0.380745379266504, -0.08519172449906671, 0.0, 0.0, 0.0, 1.0], "fov": 75.0, "aspect": 1.0}, {"camera_to_world": [0.8766186196969747, 0.020399739781007564, 0.4807532071837255, 0.6367173433303821, 0.4425960993242088, -0.4262115732114688, -0.7889565182718246, -0.8726731586456296, 0.1888080730889599, 0.9043934682854979, -0.38265384626181664, -0.08494698643684392, 0.0, 0.0, 0.0, 1.0], "fov": 75.0, "aspect": 1.0}, {"camera_to_world": [0.8776981332110266, 0.013143316907716918, 0.47903365244890916, 0.6371514916419971, 0.4371248201760012, -0.4316148791503075, -0.7890693807784993, -0.870319104194641, 0.19638706307691847, 0.901962221668252, -0.38457284373612977, -0.08470224837462115, 0.0, 0.0, 0.0, 1.0], "fov": 75.0, "aspect": 1.0}, {"camera_to_world": [0.8787074512593184, 0.005874336956458448, 0.47732453034248573, 0.6375856399536122, 0.43160380936292525, -0.4369677409533439, -0.7891624326522033, -0.8679650497436521, 0.20393961568259428, 0.899457995423607, -0.3865021961435438, -0.08445751031239836, 0.0, 0.0, 0.0, 1.0], "fov": 75.0, "aspect": 1.0}, {"camera_to_world": [0.8796464815115345, -0.0014065351216009103, 0.4756259972113903, 0.6380197882652271, 0.42603357193556635, -0.44226966895191444, -0.7892356653807447, -0.8656109952926634, 0.21146504001418379, 0.8968810186329711, -0.3884417269909142, -0.08421277225017557, 0.0, 0.0, 0.0, 1.0], "fov": 75.0, "aspect": 1.0}, {"camera_to_world": [0.8805151380671401, -0.008698633287427537, 0.4739382084339012, 0.6384539365768421, 0.4204146174476586, -0.4475201781366741, -0.7892890722649452, -0.8632569408416746, 0.2189626476615224, 0.8942315270328204, -0.3903912588539934, -0.08396803418795276, 0.0, 0.0, 0.0, 1.0], "fov": 75.0, "aspect": 1.0}, {"camera_to_world": [0.8813133414632407, -0.016001290475048835, 0.4722613184054253, 0.638888084888457, 0.4147474599094712, -0.4527187882019642, -0.7893226484192547, -0.8609028863906859, 0.22643175275905758, 0.8915097629931362, -0.39235061339366206, -0.08372329612572998, 0.0, 0.0, 0.0, 1.0], "fov": 75.0, "aspect": 1.0}]}